In The Miso Soup:0.36467727614788426
Out:0.3408515189066784
Goth:0.26726849683555404
