Almost Transparent Blue:0.36467727614788426
Out:0.3375365703931313
Goth:0.2643485213705069
