guy:0.3308800515742587
car:0.1985280309445552
cigarette:0.1985280309445552
yell:0.1723637389304314
stuff:0.15474016992134632
wipe:0.1392661529292117
butt:0.13612982472949986
coffee:0.13084552305017763
rug:0.12472183055951766
suck:0.12430324689766875
kid:0.11776097074515987
prick:0.11676253282384061
sofa:0.11463564187747356
hospital:0.11121869459265099
bread:0.1109716529736204
wire:0.1109716529736204
cop:0.10747091426013147
moth:0.10690442619387228
kitchen:0.10316011328089755
smear:0.1022720159411345
