ryō:0.39981653552737234
saké:0.3097630608037123
ward:0.270935931406051
samurai:0.1951280975408356
constable:0.14978554992115015
peddler:0.1283876142181287
monk:0.12282428890407644
timer:0.10698967851510724
manager:0.10114941439159236
hallway:0.09464982413446764
debt:0.09428390460692664
tatami:0.09034755940108274
robe:0.08982087029657512
punishment:0.07743178473842682
cook:0.07679085349318808
honor:0.07679085349318808
canal:0.07615553057664236
magistrate:0.07615553057664236
tea:0.07433451334888976
revenge:0.07224958170828026
