car:0.3163650977666094
tape:0.26835157236613033
notebook:0.25010129442991225
phone:0.23736730749506046
killer:0.19800918876995324
pole:0.18713061983039023
photo:0.1823414530180116
bus:0.17331581182179018
classmate:0.1639695311184036
shoe:0.16274727844105746
knife:0.1518552469279725
badge:0.14054531238720308
kidnapper:0.13586046864096302
uniform:0.11988055332884376
coffin:0.11705508617364548
lecture:0.11009295276559192
camera:0.1083772275862953
doll:0.10756413324064719
grandmother:0.10578573098668735
porch:0.10549658110891576
