lordship:0.5374744846523664
monkey:0.3393130433289138
hell:0.31477349538419147
mansion:0.19432716204053652
owl:0.1619393017004471
painting:0.15155760888868475
spider:0.15155760888868475
robe:0.12824105367504096
sketch:0.10878035207083182
cabin:0.10067856641553266
veranda:0.09518280806197783
rumor:0.09326622085457524
torment:0.08797004827045914
samurai:0.08160794324775333
writhe:0.08158526405312386
torch:0.08096965085022355
studio:0.07393523440475196
ox:0.07166326462031551
trouser:0.06994966564093143
warden:0.0604071398493196
