incense:0.596499877734026
proverb:0.21496005449271022
and:0.18438887093681217
tablet:0.16654478665260455
text:0.15006379743003828
doctrine:0.13769161738344526
poem:0.13599531642097218
footprint:0.12251156283631198
karma:0.11725093881420558
signify:0.11725093881420558
represent:0.1061567579018182
robe:0.09847936706346262
verse:0.07972139238470784
package:0.07165335149757007
legend:0.07165335149757007
tomb:0.07110422166493773
saying:0.06565291137564175
reborn:0.06513941045233644
wa:0.06479605523926835
samurai:0.060963417705953045
