pub:0.3519577513602519
guy:0.29810118125393775
hotel:0.25427264223042456
sex:0.2084953249929043
kid:0.18399339980086046
waiter:0.1491346404068864
club:0.1489470379340299
noodle:0.1372038691743355
knife:0.13293701326189114
customer:0.13142385700061462
tout:0.1252730979417846
phone:0.1247375226036045
booth:0.11676986610005984
baseball:0.11676986610005984
batting:0.11676986610005984
cop:0.11034473153395784
american:0.11034473153395784
gaijin:0.10737694109295821
magazine:0.1051390856004917
stuff:0.1036160784102386
