monk:0.7485040278469863
olden:0.29302810098221155
governor:0.1946795255524828
county:0.14969913854526026
robber:0.13064020793653452
arrow:0.12864667440878977
eagle:0.12740352216617892
emperor:0.12630764396499358
sutra:0.11529731891893967
chant:0.10327063422406209
fox:0.1029173395270318
monkey:0.09144270121157284
sculptor:0.08918246551632526
empress:0.08918246551632526
basket:0.067588083504206
deer:0.06688684913724395
hawk:0.06667708294039247
poem:0.0645441463900388
hermit:0.06315382198249679
cow:0.05963654426841707
