and:0.33035476986471146
daimyō:0.23325471006155898
samurai:0.19292999633909796
biwa:0.1927149103974566
goblin:0.17129506585577628
robe:0.15434399707127838
perceive:0.1350134661906064
retainer:0.1345889803152528
him:0.1334180148905469
woodcutter:0.13328840574946227
robber:0.12059523260686134
honorable:0.11859379101381945
offering:0.11438388505374393
ant:0.10126009964295479
clay:0.10126009964295479
fairy:0.0935868150439723
tomb:0.09000897746040426
cottage:0.09000897746040426
bade:0.08894534326036459
ceremony:0.08681849835259409
