factory:0.5072944830653985
car:0.3677011935785638
phone:0.19172265894718363
loan:0.18518665921034783
parking:0.17836384507333486
cigarette:0.17195976217106962
club:0.1492042597251172
park:0.10989771332014672
bathroom:0.10820697926906754
bike:0.10294117575377201
garbage:0.10021866263148237
card:0.09878539528976339
shirt:0.09806257496259246
payment:0.09150399631570129
customer:0.08753316570540208
lunch:0.0815649953163974
key:0.0815598174880173
neighbour:0.08126934927929369
neighbourhood:0.08126934927929369
guy:0.07866244439740419
