castle:0.41412494739393096
samisen:0.3383515831622152
pupil:0.264563999486892
mistress:0.22228716107041147
koto:0.17957333689918276
enemy:0.17871626306593713
massage:0.1482131390673016
nightingale:0.14788392450520935
thief:0.13513550914959852
lesson:0.12028979244822692
retainer:0.10462103934162466
blindness:0.10091187567995893
battle:0.09966868517138801
marriage:0.09279498274577505
warrior:0.08417945438219292
pavilion:0.08310389761878971
car:0.08017090893542184
samurai:0.07904757789454911
milk:0.07409572035680381
gentleman:0.07409572035680381
