sickness:0.24324986465825704
wine:0.23173093678299966
her:0.1600945820386981
jewel:0.14696065497581154
and:0.14696065497581154
writer:0.1390385620697998
poem:0.1390385620697998
morrow:0.12875434039440153
cure:0.12489826898756208
author:0.12489826898756208
scholar:0.12489826898756208
divorce:0.12489826898756208
indefinite:0.12007093652902359
so:0.11756852398064922
elephant:0.11756852398064922
bride:0.10811105095922535
casket:0.10683350493607394
tank:0.10683350493607394
gateway:0.09656575529580116
legend:0.09656575529580116
