island:0.47813073375671544
firework:0.26142739244442736
panorama:0.2178561603703561
curve:0.15636424677382565
swan:0.14537866858389173
frightening:0.13874901356950034
novel:0.12613546688136396
nude:0.1226459266172627
project:0.12237201921429833
scheme:0.1176937190785761
seaweed:0.1087751281904874
staircase:0.1087751281904874
electric:0.10298200419375408
concrete:0.10197668267858195
enterprise:0.09803527216666025
spectacle:0.09517823716667648
machine:0.0879927652064687
fantastic:0.0879927652064687
mermaid:0.08722720115033503
extend:0.08198805347288657
