attic:0.3203470743219144
dwarf:0.2837359801136956
closet:0.24313340812916312
raid:0.22337375595914838
monkey:0.18618766634692058
bottle:0.17867828183531825
canyon:0.17487674469863207
bomb:0.14644437683287514
flashlight:0.10068050907260166
spy:0.09725336325166524
detective:0.09065229767939183
drip:0.08346343663827474
button:0.08336002564428449
fearsome:0.08237496196849227
troupe:0.08237496196849227
artillery:0.0822949386817092
morphine:0.0822949386817092
tent:0.0822949386817092
trick:0.07742725546197124
drug:0.07704317228148437
