poem:0.37271226742184443
princess:0.2431225293482187
mistress:0.19131842208144578
nun:0.1745567194206495
prince:0.16683311017930177
cloak:0.1260635337361134
verse:0.12423742247394813
distress:0.12420289636567464
colour:0.12261596204540859
coach:0.12000774460169653
gentleman:0.11861742169049638
unhappy:0.09565921104072289
companion:0.09229065669493289
fetch:0.08800647415746507
quarter:0.0851913754107073
dew:0.08280193091044975
messenger:0.08035373727420723
agreeable:0.07970037532951559
favour:0.07970037532951559
discuss:0.07454245348436889
